{
  "asset": {
    "version": "2.0",
    "generator": "THREE.GLTFExporter"
  },
  "scenes": [
    {
      "nodes": [
        0
      ]
    }
  ],
  "scene": 0,
  "nodes": [
    {
      "children": [
        58
      ],
      "matrix": [
        0.01,
        0,
        0,
        0,
        0,
        0.01,
        0,
        0,
        0,
        0,
        0.01,
        0,
        0,
        0,
        0,
        1
      ]
    },
    {
      "matrix": [
        1,
        0,
        0,
        0,
        0,
        1,
        0,
        0,
        0,
        0,
        1,
        0,
        -6.053799095912737,
        12.767261790928089,
        450.04999593784237,
        1
      ],
      "name": "Not Found",
      "mesh": 0
    },
    {
      "matrix": [
        1,
        0,
        0,
        0,
        0,
        1,
        0,
        0,
        0,
        0,
        1,
        0,
        -6.053799095912737,
        50.02945288053337,
        450.04999593784237,
        1
      ],
      "name": "404",
      "mesh": 1
    },
    {
      "matrix": [
        3.749399456654644e-33,
        -6.123233995736766e-17,
        -1,
        0,
        1,
        6.123233995736766e-17,
        0,
        0,
        6.123233995736766e-17,
        -1,
        6.123233995736766e-17,
        0,
        0,
        0,
        0,
        1
      ],
      "name": "Directional Light",
      "extensions": {
        "KHR_lights_punctual": {
          "light": 0
        }
      }
    },
    {
      "matrix": [
        1,
        0,
        0,
        0,
        0,
        1,
        -6.123233995736766e-17,
        0,
        0,
        6.123233995736766e-17,
        1,
        0,
        0,
        6.123233995736766e-14,
        1000,
        1
      ],
      "camera": 0
    },
    {
      "matrix": [
        1,
        0,
        0,
        0,
        0,
        1,
        0,
        0,
        0,
        0,
        1,
        0,
        0,
        1,
        0,
        1
      ],
      "name": "Default Ambient Light"
    },
    {
      "matrix": [
        1,
        0,
        0,
        0,
        0,
        1,
        0,
        0,
        0,
        0,
        1,
        0,
        215,
        0,
        0,
        1
      ],
      "mesh": 2
    },
    {
      "matrix": [
        0.9924205096719357,
        0,
        0.12288829066471411,
        0,
        0,
        1,
        0,
        0,
        -0.12288829066471411,
        0,
        0.9924205096719357,
        0,
        213.3704095794662,
        0,
        26.420982492913534,
        1
      ],
      "mesh": 2
    },
    {
      "matrix": [
        0.9697969360350095,
        0,
        0.24391372010837714,
        0,
        0,
        1,
        0,
        0,
        -0.24391372010837714,
        0,
        0.9697969360350095,
        0,
        208.50634124752702,
        0,
        52.441449823301085,
        1
      ],
      "mesh": 2
    },
    {
      "matrix": [
        0.9324722294043558,
        0,
        0.361241666187153,
        0,
        0,
        1,
        0,
        0,
        -0.361241666187153,
        0,
        0.9324722294043558,
        0,
        200.4815293219365,
        0,
        77.6669582302379,
        1
      ],
      "mesh": 2
    },
    {
      "matrix": [
        0.8810121942857845,
        0,
        0.47309355683601007,
        0,
        0,
        1,
        0,
        0,
        -0.47309355683601007,
        0,
        0.8810121942857845,
        0,
        189.4176217714437,
        0,
        101.71511471974216,
        1
      ],
      "mesh": 2
    },
    {
      "matrix": [
        0.8161969123562216,
        0,
        0.5777738314082512,
        0,
        0,
        1,
        0,
        0,
        -0.5777738314082512,
        0,
        0.8161969123562216,
        0,
        175.48233615658768,
        0,
        124.22137375277401,
        1
      ],
      "mesh": 2
    },
    {
      "matrix": [
        0.7390089172206591,
        0,
        0.6736956436465572,
        0,
        0,
        1,
        0,
        0,
        -0.6736956436465572,
        0,
        0.7390089172206591,
        0,
        158.8869172024417,
        0,
        144.8445633840098,
        1
      ],
      "mesh": 2
    },
    {
      "matrix": [
        0.650618300204242,
        0,
        0.7594049166547071,
        0,
        0,
        1,
        0,
        0,
        -0.7594049166547071,
        0,
        0.650618300204242,
        0,
        139.88293454391206,
        0,
        163.27205708076204,
        1
      ],
      "mesh": 2
    },
    {
      "matrix": [
        0.5523649729605058,
        0,
        0.8336023852211194,
        0,
        0,
        1,
        0,
        0,
        -0.8336023852211194,
        0,
        0.5523649729605058,
        0,
        118.75846918650875,
        0,
        179.22451282254067,
        1
      ],
      "mesh": 2
    },
    {
      "matrix": [
        0.4457383557765384,
        0,
        0.8951632913550622,
        0,
        0,
        1,
        0,
        0,
        -0.8951632913550622,
        0,
        0.4457383557765384,
        0,
        95.83374649195576,
        0,
        192.46010764133837,
        1
      ],
      "mesh": 2
    },
    {
      "matrix": [
        0.3323547994796596,
        0,
        0.9431544344712776,
        0,
        0,
        1,
        0,
        0,
        -0.9431544344712776,
        0,
        0.3323547994796596,
        0,
        71.45628188812684,
        0,
        202.77820341132468,
        1
      ],
      "mesh": 2
    },
    {
      "matrix": [
        0.2139330832064975,
        0,
        0.9768483177596008,
        0,
        0,
        1,
        0,
        0,
        -0.9768483177596008,
        0,
        0.2139330832064975,
        0,
        45.99561288939697,
        0,
        210.02238831831417,
        1
      ],
      "mesh": 2
    },
    {
      "matrix": [
        0.09226835946330203,
        0,
        0.9957341762950345,
        0,
        0,
        1,
        0,
        0,
        -0.9957341762950345,
        0,
        0.09226835946330203,
        0,
        19.837697284609913,
        0,
        214.08284790343242,
        1
      ],
      "mesh": 2
    },
    {
      "matrix": [
        -0.03079505855617004,
        0,
        0.9995257197133658,
        0,
        0,
        1,
        0,
        0,
        -0.9995257197133658,
        0,
        -0.03079505855617004,
        0,
        -6.620937589576583,
        0,
        214.89802973837365,
        1
      ],
      "mesh": 2
    },
    {
      "matrix": [
        -0.15339165487868534,
        0,
        0.9881654720812595,
        0,
        0,
        1,
        0,
        0,
        -0.9881654720812595,
        0,
        -0.15339165487868534,
        0,
        -32.979205798917334,
        0,
        212.4555764974708,
        1
      ],
      "mesh": 2
    },
    {
      "matrix": [
        -0.27366299007208283,
        0,
        0.9618256431728193,
        0,
        0,
        1,
        0,
        0,
        -0.9618256431728193,
        0,
        -0.27366299007208283,
        0,
        -58.837542865497774,
        0,
        206.79251328215614,
        1
      ],
      "mesh": 2
    },
    {
      "matrix": [
        -0.3897858732926791,
        0,
        0.9209055179449537,
        0,
        0,
        1,
        0,
        0,
        -0.9209055179449537,
        0,
        -0.3897858732926791,
        0,
        -83.803962757926,
        0,
        197.99468635816504,
        1
      ],
      "mesh": 2
    },
    {
      "matrix": [
        -0.4999999999999998,
        0,
        0.8660254037844388,
        0,
        0,
        1,
        0,
        0,
        -0.8660254037844388,
        0,
        -0.4999999999999998,
        0,
        -107.49999999999996,
        0,
        186.19546181365433,
        1
      ],
      "mesh": 2
    },
    {
      "matrix": [
        -0.6026346363792565,
        0,
        0.7980172272802396,
        0,
        0,
        1,
        0,
        0,
        -0.7980172272802396,
        0,
        -0.6026346363792565,
        0,
        -129.56644682154013,
        0,
        171.5737038652515,
        1
      ],
      "mesh": 2
    },
    {
      "matrix": [
        -0.6961339459629263,
        0,
        0.717911923064442,
        0,
        0,
        1,
        0,
        0,
        -0.717911923064442,
        0,
        -0.6961339459629263,
        0,
        -149.6687983820292,
        0,
        154.351063458855,
        1
      ],
      "mesh": 2
    },
    {
      "matrix": [
        -0.7790805745256704,
        0,
        0.6269238058941063,
        0,
        0,
        1,
        0,
        0,
        -0.6269238058941063,
        0,
        -0.7790805745256704,
        0,
        -167.50232352301913,
        0,
        134.78861826723286,
        1
      ],
      "mesh": 2
    },
    {
      "matrix": [
        -0.850217135729614,
        0,
        0.5264321628773561,
        0,
        0,
        1,
        0,
        0,
        -0.5264321628773561,
        0,
        -0.850217135729614,
        0,
        -182.79668418186702,
        0,
        113.18291501863155,
        1
      ],
      "mesh": 2
    },
    {
      "matrix": [
        -0.9084652718195236,
        0,
        0.4179603448867836,
        0,
        0,
        1,
        0,
        0,
        -0.4179603448867836,
        0,
        -0.9084652718195236,
        0,
        -195.32003344119758,
        0,
        89.86147415065847,
        1
      ],
      "mesh": 2
    },
    {
      "matrix": [
        -0.9529420004271565,
        0,
        0.30315267411304364,
        0,
        0,
        1,
        0,
        0,
        -0.30315267411304364,
        0,
        -0.9529420004271565,
        0,
        -204.88253009183865,
        0,
        65.17782493430438,
        1
      ],
      "mesh": 2
    },
    {
      "matrix": [
        -0.9829730996839015,
        0,
        0.18374951781657037,
        0,
        0,
        1,
        0,
        0,
        -0.18374951781657037,
        0,
        -0.9829730996839015,
        0,
        -211.33921643203882,
        0,
        39.50614633056263,
        1
      ],
      "mesh": 2
    },
    {
      "matrix": [
        -0.9981033287370442,
        0,
        0.06156090613394278,
        0,
        0,
        1,
        0,
        0,
        -0.06156090613394278,
        0,
        -0.9981033287370442,
        0,
        -214.59221567846447,
        0,
        13.235594818797697,
        1
      ],
      "mesh": 2
    },
    {
      "matrix": [
        -0.9981033287370442,
        0,
        -0.061560906133942536,
        0,
        0,
        1,
        0,
        0,
        0.061560906133942536,
        0,
        -0.9981033287370442,
        0,
        -214.59221567846447,
        0,
        -13.235594818797646,
        1
      ],
      "mesh": 2
    },
    {
      "matrix": [
        -0.9829730996839019,
        0,
        -0.18374951781657015,
        0,
        0,
        1,
        0,
        0,
        0.18374951781657015,
        0,
        -0.9829730996839019,
        0,
        -211.3392164320389,
        0,
        -39.50614633056258,
        1
      ],
      "mesh": 2
    },
    {
      "matrix": [
        -0.9529420004271565,
        0,
        -0.30315267411304336,
        0,
        0,
        1,
        0,
        0,
        0.30315267411304336,
        0,
        -0.9529420004271565,
        0,
        -204.88253009183865,
        0,
        -65.17782493430433,
        1
      ],
      "mesh": 2
    },
    {
      "matrix": [
        -0.9084652718195236,
        0,
        -0.4179603448867834,
        0,
        0,
        1,
        0,
        0,
        0.4179603448867834,
        0,
        -0.9084652718195236,
        0,
        -195.32003344119758,
        0,
        -89.86147415065844,
        1
      ],
      "mesh": 2
    },
    {
      "matrix": [
        -0.8502171357296144,
        0,
        -0.5264321628773555,
        0,
        0,
        1,
        0,
        0,
        0.5264321628773555,
        0,
        -0.8502171357296144,
        0,
        -182.7966841818671,
        0,
        -113.18291501863143,
        1
      ],
      "mesh": 2
    },
    {
      "matrix": [
        -0.7790805745256708,
        0,
        -0.6269238058941062,
        0,
        0,
        1,
        0,
        0,
        0.6269238058941062,
        0,
        -0.7790805745256708,
        0,
        -167.50232352301921,
        0,
        -134.78861826723283,
        1
      ],
      "mesh": 2
    },
    {
      "matrix": [
        -0.6961339459629268,
        0,
        -0.7179119230644417,
        0,
        0,
        1,
        0,
        0,
        0.7179119230644417,
        0,
        -0.6961339459629268,
        0,
        -149.66879838202925,
        0,
        -154.35106345885498,
        1
      ],
      "mesh": 2
    },
    {
      "matrix": [
        -0.6026346363792565,
        0,
        -0.7980172272802394,
        0,
        0,
        1,
        0,
        0,
        0.7980172272802394,
        0,
        -0.6026346363792565,
        0,
        -129.56644682154015,
        0,
        -171.57370386525147,
        1
      ],
      "mesh": 2
    },
    {
      "matrix": [
        -0.5000000000000002,
        0,
        -0.8660254037844384,
        0,
        0,
        1,
        0,
        0,
        0.8660254037844384,
        0,
        -0.5000000000000002,
        0,
        -107.50000000000007,
        0,
        -186.19546181365425,
        1
      ],
      "mesh": 2
    },
    {
      "matrix": [
        -0.38978587329267955,
        0,
        -0.9209055179449537,
        0,
        0,
        1,
        0,
        0,
        0.9209055179449537,
        0,
        -0.38978587329267955,
        0,
        -83.80396275792609,
        0,
        -197.99468635816504,
        1
      ],
      "mesh": 2
    },
    {
      "matrix": [
        -0.2736629900720833,
        0,
        -0.961825643172819,
        0,
        0,
        1,
        0,
        0,
        0.961825643172819,
        0,
        -0.2736629900720833,
        0,
        -58.83754286549788,
        0,
        -206.7925132821561,
        1
      ],
      "mesh": 2
    },
    {
      "matrix": [
        -0.153391654878686,
        0,
        -0.9881654720812593,
        0,
        0,
        1,
        0,
        0,
        0.9881654720812593,
        0,
        -0.153391654878686,
        0,
        -32.979205798917505,
        0,
        -212.45557649747073,
        1
      ],
      "mesh": 2
    },
    {
      "matrix": [
        -0.030795058556170485,
        0,
        -0.9995257197133658,
        0,
        0,
        1,
        0,
        0,
        0.9995257197133658,
        0,
        -0.030795058556170485,
        0,
        -6.620937589576654,
        0,
        -214.89802973837365,
        1
      ],
      "mesh": 2
    },
    {
      "matrix": [
        0.09226835946330136,
        0,
        -0.9957341762950347,
        0,
        0,
        1,
        0,
        0,
        0.9957341762950347,
        0,
        0.09226835946330136,
        0,
        19.837697284609817,
        0,
        -214.08284790343245,
        1
      ],
      "mesh": 2
    },
    {
      "matrix": [
        0.2139330832064975,
        0,
        -0.9768483177596008,
        0,
        0,
        1,
        0,
        0,
        0.9768483177596008,
        0,
        0.2139330832064975,
        0,
        45.99561288939697,
        0,
        -210.02238831831417,
        1
      ],
      "mesh": 2
    },
    {
      "matrix": [
        0.3323547994796594,
        0,
        -0.9431544344712776,
        0,
        0,
        1,
        0,
        0,
        0.9431544344712776,
        0,
        0.3323547994796594,
        0,
        71.45628188812677,
        0,
        -202.77820341132468,
        1
      ],
      "mesh": 2
    },
    {
      "matrix": [
        0.44573835577653775,
        0,
        -0.8951632913550626,
        0,
        0,
        1,
        0,
        0,
        0.8951632913550626,
        0,
        0.44573835577653775,
        0,
        95.83374649195562,
        0,
        -192.46010764133845,
        1
      ],
      "mesh": 2
    },
    {
      "matrix": [
        0.5523649729605058,
        0,
        -0.8336023852211195,
        0,
        0,
        1,
        0,
        0,
        0.8336023852211195,
        0,
        0.5523649729605058,
        0,
        118.75846918650875,
        0,
        -179.2245128225407,
        1
      ],
      "mesh": 2
    },
    {
      "matrix": [
        0.6506183002042418,
        0,
        -0.7594049166547074,
        0,
        0,
        1,
        0,
        0,
        0.7594049166547074,
        0,
        0.6506183002042418,
        0,
        139.882934543912,
        0,
        -163.2720570807621,
        1
      ],
      "mesh": 2
    },
    {
      "matrix": [
        0.7390089172206591,
        0,
        -0.6736956436465572,
        0,
        0,
        1,
        0,
        0,
        0.6736956436465572,
        0,
        0.7390089172206591,
        0,
        158.8869172024417,
        0,
        -144.8445633840098,
        1
      ],
      "mesh": 2
    },
    {
      "matrix": [
        0.8161969123562215,
        0,
        -0.5777738314082513,
        0,
        0,
        1,
        0,
        0,
        0.5777738314082513,
        0,
        0.8161969123562215,
        0,
        175.48233615658762,
        0,
        -124.22137375277404,
        1
      ],
      "mesh": 2
    },
    {
      "matrix": [
        0.8810121942857843,
        0,
        -0.4730935568360106,
        0,
        0,
        1,
        0,
        0,
        0.4730935568360106,
        0,
        0.8810121942857843,
        0,
        189.4176217714436,
        0,
        -101.71511471974229,
        1
      ],
      "mesh": 2
    },
    {
      "matrix": [
        0.9324722294043558,
        0,
        -0.36124166618715303,
        0,
        0,
        1,
        0,
        0,
        0.36124166618715303,
        0,
        0.9324722294043558,
        0,
        200.4815293219365,
        0,
        -77.6669582302379,
        1
      ],
      "mesh": 2
    },
    {
      "matrix": [
        0.9697969360350094,
        0,
        -0.24391372010837756,
        0,
        0,
        1,
        0,
        0,
        0.24391372010837756,
        0,
        0.9697969360350094,
        0,
        208.50634124752702,
        0,
        -52.44144982330118,
        1
      ],
      "mesh": 2
    },
    {
      "matrix": [
        0.9924205096719357,
        0,
        -0.12288829066471402,
        0,
        0,
        1,
        0,
        0,
        0.12288829066471402,
        0,
        0.9924205096719357,
        0,
        213.3704095794662,
        0,
        -26.420982492913513,
        1
      ],
      "mesh": 2
    },
    {
      "matrix": [
        1,
        0,
        0,
        0,
        0,
        0.981627183447664,
        0.1908089953765448,
        0,
        0,
        -0.1908089953765448,
        0.981627183447664,
        0,
        0,
        0,
        462,
        1
      ],
      "children": [
        6,
        7,
        8,
        9,
        10,
        11,
        12,
        13,
        14,
        15,
        16,
        17,
        18,
        19,
        20,
        21,
        22,
        23,
        24,
        25,
        26,
        27,
        28,
        29,
        30,
        31,
        32,
        33,
        34,
        35,
        36,
        37,
        38,
        39,
        40,
        41,
        42,
        43,
        44,
        45,
        46,
        47,
        48,
        49,
        50,
        51,
        52,
        53,
        54,
        55,
        56
      ]
    },
    {
      "name": "Scene 1",
      "children": [
        1,
        2,
        3,
        4,
        5,
        57
      ]
    }
  ],
  "bufferViews": [
    {
      "buffer": 0,
      "byteOffset": 0,
      "byteLength": 10068,
      "target": 34962,
      "byteStride": 12
    },
    {
      "buffer": 0,
      "byteOffset": 10068,
      "byteLength": 10068,
      "target": 34962,
      "byteStride": 12
    },
    {
      "buffer": 0,
      "byteOffset": 20136,
      "byteLength": 6712,
      "target": 34962,
      "byteStride": 8
    },
    {
      "buffer": 0,
      "byteOffset": 26848,
      "byteLength": 4976,
      "target": 34963
    },
    {
      "buffer": 0,
      "byteOffset": 31824,
      "byteLength": 4584,
      "target": 34962,
      "byteStride": 12
    },
    {
      "buffer": 0,
      "byteOffset": 36408,
      "byteLength": 4584,
      "target": 34962,
      "byteStride": 12
    },
    {
      "buffer": 0,
      "byteOffset": 40992,
      "byteLength": 3056,
      "target": 34962,
      "byteStride": 8
    },
    {
      "buffer": 0,
      "byteOffset": 44048,
      "byteLength": 2220,
      "target": 34963
    },
    {
      "buffer": 0,
      "byteOffset": 46268,
      "byteLength": 54240,
      "target": 34962,
      "byteStride": 12
    },
    {
      "buffer": 0,
      "byteOffset": 100508,
      "byteLength": 54240,
      "target": 34962,
      "byteStride": 12
    },
    {
      "buffer": 0,
      "byteOffset": 154748,
      "byteLength": 36160,
      "target": 34962,
      "byteStride": 8
    },
    {
      "buffer": 0,
      "byteOffset": 190908,
      "byteLength": 45576,
      "target": 34963
    }
  ],
  "buffers": [
    {
      "byteLength": 236484,
